0.000000000000000000e+00 1.000000000000000000e+00 0.000000000000000000e+00 1.000000000000000000e+02
1.007936507936515902e+01 9.716463210641776982e-01 2.924369934898766132e+02 1.000000000000000000e+02
1.008000000000008001e+01 9.716445350056621688e-01 2.924389355303877664e+02 1.000000000000000000e+02
1.008064516129040378e+01 9.716402805035955215e-01 2.924409085392474594e+02 1.000000000000000000e+02
2.015873015873031804e+01 9.054759708756527914e-01 3.232615057109269401e+02 1.000000000000000000e+02
2.016000000000016001e+01 9.054664635505558223e-01 3.232476664665335875e+02 1.000000000000000000e+02
2.016129032258080755e+01 9.054548463163684113e-01 3.232336041012289343e+02 1.000000000000000000e+02
3.023809523809547883e+01 8.208003023071130944e-01 2.134132383318444965e+02 1.000000000000000000e+02
3.024000000000024357e+01 8.207822118779193321e-01 2.134188905516890600e+02 1.000000000000000000e+02
3.024193548387121311e+01 8.207635917760794930e-01 2.134246332416493885e+02 1.000000000000000000e+02
4.031746031746063608e+01 7.220627694319681211e-01 2.433193143879510956e+02 1.000000000000000000e+02
4.032000000000032003e+01 7.220370520521564028e-01 2.433084559743167858e+02 1.000000000000000000e+02
4.032258064516161511e+01 7.220065163543186726e-01 2.432974218637334900e+02 1.000000000000000000e+02
5.039682539682579687e+01 5.929645926782645127e-01 2.002226782864380823e+02 1.000000000000000000e+02
5.040000000000040359e+01 5.929258440811049358e-01 2.001889078161385385e+02 1.000000000000000000e+02
5.040322580645201356e+01 5.928864705065718388e-01 2.001545929723052950e+02 1.000000000000000000e+02
6.047619047619095767e+01 4.739828765308025660e-01 9.300252851385496911e+01 1.000000000000000000e+02
6.048000000000048715e+01 4.739386759665690785e-01 9.300217210531555168e+01 1.000000000000000000e+02
6.048387096774242622e+01 4.738967436132026645e-01 9.300180989407830623e+01 1.000000000000000000e+02
7.055555555555611136e+01 3.633006443563213672e-01 9.205937081410951350e+01 1.000000000000000000e+02
7.056000000000057071e+01 3.632551910572230924e-01 9.205483077890909271e+01 1.000000000000000000e+02
7.056451612903282467e+01 3.632126992382024855e-01 9.205021800462246517e+01 1.000000000000000000e+02
8.063492063492127215e+01 2.601060525771481391e-01 8.176435964385422039e+01 1.000000000000000000e+02
8.064000000000064006e+01 2.600536993832914812e-01 8.174410820170430725e+01 1.000000000000000000e+02
8.064516129032323022e+01 2.600124073808769420e-01 8.172353104731207907e+01 1.000000000000000000e+02
9.071428571428643295e+01 1.787903829162126867e-01 4.157977851288333682e+01 1.000000000000000000e+02
9.072000000000072362e+01 1.787503600926447778e-01 4.157197797138395856e+01 1.000000000000000000e+02
9.072580645161362156e+01 1.787163667714234405e-01 4.156405248140703179e+01 1.000000000000000000e+02
1.007936507936515937e+02 1.174252624030936998e-01 2.782203782064065223e+01 1.000000000000000000e+02
1.008000000000008072e+02 1.173909822578403095e-01 2.781746151615758578e+01 1.000000000000000000e+02
1.008064516129040271e+02 1.173641194340280525e-01 2.781281238391823862e+01 1.000000000000000000e+02
1.108730158730167545e+02 7.311669629541787951e-02 2.055873520109565789e+01 1.000000000000000000e+02
1.108800000000008907e+02 7.308579537898807210e-02 2.055149539067958031e+01 1.000000000000000000e+02
1.108870967741944327e+02 7.306475528997524727e-02 2.054413955247040491e+01 1.000000000000000000e+02
1.209523809523819153e+02 4.413022941856814541e-02 1.011146975873378651e+01 1.000000000000000000e+02
1.209600000000009743e+02 4.410874453418477809e-02 1.010775086351660867e+01 1.000000000000000000e+02
1.209677419354848524e+02 4.409454986989345959e-02 1.010397257812714322e+01 1.000000000000000000e+02
1.310317460317470761e+02 2.569599490838591835e-02 5.192483469485685177e+00 1.000000000000000000e+02
1.310400000000010436e+02 2.568488539989741137e-02 5.191361387995355514e+00 1.000000000000000000e+02
1.310483870967752580e+02 2.567700459020212309e-02 5.190221857123228588e+00 1.000000000000000000e+02
1.411111111111122227e+02 1.734331926818719061e-02 3.823053756996243280e+00 1.000000000000000000e+02
1.411200000000011414e+02 1.733502050496276911e-02 3.822401764899236998e+00 1.000000000000000000e+02
1.411290322580656493e+02 1.733272746914764351e-02 3.821739655310491202e+00 1.000000000000000000e+02
1.511904761904773977e+02 1.451470644021043109e-02 3.084208918660159338e+00 1.000000000000000000e+02
1.512000000000012108e+02 1.451213249439639932e-02 3.084651144499718445e+00 1.000000000000000000e+02
1.512096774193560407e+02 1.451155336891673045e-02 3.085100662993859988e+00 1.000000000000000000e+02
1.612698412698425443e+02 1.442318748434891912e-02 3.552397420231005576e+00 1.000000000000000000e+02
1.612800000000012801e+02 1.442340081508013128e-02 3.552601615437103177e+00 1.000000000000000000e+02
1.612903225806464604e+02 1.442394919534990827e-02 3.552809188746981039e+00 1.000000000000000000e+02
1.713492063492076909e+02 1.469286984192668885e-02 3.755091821036076638e+00 1.000000000000000000e+02
1.713600000000013495e+02 1.469425126504082801e-02 3.754335340032604496e+00 1.000000000000000000e+02
1.713709677419368518e+02 1.469266575839212052e-02 3.753566582763915971e+00 1.000000000000000000e+02
1.814285714285728659e+02 1.431610961777400257e-02 3.048598747036404877e+00 1.000000000000000000e+02
1.814400000000014472e+02 1.431525311127427105e-02 3.048583521193534818e+00 1.000000000000000000e+02
1.814516129032272431e+02 1.431430547934472997e-02 3.048568021840370346e+00 1.000000000000000000e+02
1.915079365079380409e+02 1.338927718805667071e-02 3.035146846991987335e+00 1.000000000000000000e+02
1.915200000000015450e+02 1.338778256204209427e-02 3.035036269888033544e+00 1.000000000000000000e+02
1.915322580645176629e+02 1.338585997084848836e-02 3.034923809469207701e+00 1.000000000000000000e+02
2.015873015873031875e+02 1.154586399767962637e-02 2.942670419208343269e+00 1.000000000000000000e+02
2.016000000000016144e+02 1.154315685703172917e-02 2.941269350867863785e+00 1.000000000000000000e+02
2.016129032258080542e+02 1.154040605282500090e-02 2.939845617432770730e+00 1.000000000000000000e+02
2.116666666666683341e+02 9.288861675139720858e-03 1.830523243290141044e+00 1.000000000000000000e+02
2.116800000000016837e+02 9.285758666858406896e-03 1.829995617374139627e+00 1.000000000000000000e+02
2.116935483870984456e+02 9.282889485737884708e-03 1.829459523889903405e+00 1.000000000000000000e+02
2.217460317460335091e+02 7.171652796031304823e-03 1.431691247882511897e+00 1.000000000000000000e+02
2.217600000000017815e+02 7.168978170892447224e-03 1.430548705139368160e+00 1.000000000000000000e+02
2.217741935483888653e+02 7.166649083334537818e-03 1.429387764696834262e+00 1.000000000000000000e+02
2.318253968253986841e+02 5.528250164713390674e-03 6.072661593543262626e-01 1.000000000000000000e+02
2.318400000000018508e+02 5.526251033751053421e-03 6.072623660370742860e-01 1.000000000000000000e+02
2.318548387096792567e+02 5.524579468478283892e-03 6.072585550359675954e-01 1.000000000000000000e+02
2.419047619047638307e+02 4.165539711767579124e-03 6.046835337007091526e-01 1.000000000000000000e+02
2.419200000000019486e+02 4.163628640341658985e-03 6.042108024319687853e-01 1.000000000000000000e+02
2.419354838709697049e+02 4.162081562378557552e-03 6.037304825541217612e-01 1.000000000000000000e+02
2.519841269841289773e+02 3.165252573278810617e-03 2.920142620991705851e-01 1.000000000000000000e+02
2.520000000000020179e+02 3.164047091507152677e-03 2.918899161365453576e-01 1.000000000000000000e+02
2.520161290322600962e+02 3.162945171512165053e-03 2.917636394838781788e-01 1.000000000000000000e+02
2.620634920634941523e+02 2.687378505244550440e-03 2.131085511293260570e-01 1.000000000000000000e+02
2.620800000000020873e+02 2.686110362703779137e-03 2.127238337915657307e-01 1.000000000000000000e+02
2.620967741935505160e+02 2.685073273435026851e-03 2.123328815121663382e-01 1.000000000000000000e+02
2.721428571428593273e+02 2.245522903774986936e-03 2.192212139419561640e-02 1.000000000000000000e+02
2.721600000000021851e+02 2.244694719647939533e-03 2.121015936223493922e-02 1.000000000000000000e+02
2.721774193548408789e+02 2.244725777319018546e-03 2.048687693915987248e-02 1.000000000000000000e+02
2.822222222222244454e+02 2.002123907899496652e-03 3.986106781424444967e-01 1.000000000000000000e+02
2.822400000000022828e+02 2.002638458811602587e-03 3.983310912387590386e-01 1.000000000000000000e+02
2.822580645161312987e+02 2.003161308931966211e-03 3.980469868001423883e-01 1.000000000000000000e+02
2.923015873015896204e+02 1.874576657208989680e-03 2.400890621667917391e-01 1.000000000000000000e+02
2.923200000000023238e+02 1.874581980573249065e-03 2.402189295953733317e-01 1.000000000000000000e+02
2.923387096774217184e+02 1.874321718251067970e-03 2.403508854250285820e-01 1.000000000000000000e+02
3.023809523809547954e+02 1.690947561775273588e-03 3.111797881210741079e-01 1.000000000000000000e+02
3.024000000000024215e+02 1.690741514721892874e-03 3.107652649610593287e-01 1.000000000000000000e+02
3.024193548387120813e+02 1.692258312411927361e-03 3.103440575054803863e-01 1.000000000000000000e+02
3.124603174603199705e+02 1.340823603977409854e-03 9.183530493588673571e-02 1.000000000000000000e+02
3.124800000000025193e+02 1.340598190928582543e-03 9.172321891715465303e-02 1.000000000000000000e+02
3.125000000000025011e+02 1.339505183436200206e-03 9.160930485232524068e-02 1.000000000000000000e+02
3.225396825396850886e+02 1.042443744569133447e-03 3.444434931078359935e-02 1.000000000000000000e+02
3.225600000000025602e+02 1.041971124171578878e-03 3.355750853366511188e-02 1.000000000000000000e+02
3.225806451612929209e+02 1.041448468132381323e-03 3.265642106901060077e-02 1.000000000000000000e+02
3.326190476190502636e+02 7.890486052381558016e-04 4.060483037823288122e-01 1.000000000000000000e+02
3.326400000000027148e+02 7.883972616482360979e-04 4.055197288369641884e-01 1.000000000000000000e+02
3.326612903225832838e+02 7.881150199127032532e-04 4.049826053216381561e-01 1.000000000000000000e+02
3.426984126984153818e+02 6.789106524511979036e-04 1.517609919727903600e-01 1.000000000000000000e+02
3.427200000000026989e+02 6.787448151619806733e-04 1.522251997476885554e-01 1.000000000000000000e+02
3.427419354838737036e+02 6.783116472455440714e-04 1.526969249201395318e-01 1.000000000000000000e+02
3.527777777777806136e+02 5.001250313489006075e-04 3.685248560493158965e-01 1.000000000000000000e+02
3.528000000000028535e+02 4.993422859027867467e-04 3.678208762130078524e-01 1.000000000000000000e+02
3.528225806451641233e+02 4.991760142451266095e-04 3.671054911734537574e-01 1.000000000000000000e+02
