0.000000000000000000e+00 1.000000000000000000e+00 0.000000000000000000e+00 5.000000000000000000e+01
1.007936507936515902e+01 8.376581590261171772e-01 7.686353426681440115e-02 5.000000000000000000e+01
1.008000000000008001e+01 8.376481428989930311e-01 7.686477292384051585e-02 5.000000000000000000e+01
2.015873015873031804e+01 5.695952903319309035e-01 6.266143445850362592e-02 5.000000000000000000e+01
2.016000000000016001e+01 5.695572143902736251e-01 6.266253757651740752e-02 5.000000000000000000e+01
3.023809523809547883e+01 3.312682841797790489e-01 6.152813376348617580e-02 5.000000000000000000e+01
3.024000000000024357e+01 3.312266795503714389e-01 6.152977347255095264e-02 5.000000000000000000e+01
4.031746031746063608e+01 1.646877117820830239e-01 6.292543570594996694e-02 5.000000000000000000e+01
4.032000000000032003e+01 1.646434924051619897e-01 6.292617759424046220e-02 5.000000000000000000e+01
5.039682539682579687e+01 6.887425016298837077e-02 4.381399659942081942e-02 5.000000000000000000e+01
5.040000000000040359e+01 6.884571088824950613e-02 4.381077949504946778e-02 5.000000000000000000e+01
6.047619047619095767e+01 2.828239409500566542e-02 2.838471189995544347e-02 5.000000000000000000e+01
6.048000000000048715e+01 2.827237301622891746e-02 2.838072841543460775e-02 5.000000000000000000e+01
7.055555555555611136e+01 1.512041114995924668e-02 1.714904897350991858e-02 5.000000000000000000e+01
7.056000000000057071e+01 1.511549170360598944e-02 1.714548638832933888e-02 5.000000000000000000e+01
8.063492063492127215e+01 7.061058572351463364e-03 9.841119265587377346e-03 5.000000000000000000e+01
8.064000000000064006e+01 7.057038756391451929e-03 9.838065396522854486e-03 5.000000000000000000e+01
9.071428571428643295e+01 4.161386543933167162e-03 5.646687776491543000e-03 5.000000000000000000e+01
9.072000000000072362e+01 4.160259229683512146e-03 5.644983561073405737e-03 5.000000000000000000e+01
1.007936507936515937e+02 3.485334369970402059e-03 3.645679349068895077e-03 5.000000000000000000e+01
1.008000000000008072e+02 3.484485036951786088e-03 3.644609439954381563e-03 5.000000000000000000e+01
1.108730158730167545e+02 2.658624254716442439e-03 2.300976143256746893e-03 5.000000000000000000e+01
1.108800000000008907e+02 2.657827567805723205e-03 2.300232855824302196e-03 5.000000000000000000e+01
