0.000000000000000000e+00 1.000000000000000000e+00 0.000000000000000000e+00 6.400000000000000000e+01
1.007936507936515902e+01 8.795461039061418518e-01 5.813703594018867354e-02 6.400000000000000000e+01
1.008000000000008001e+01 8.795385162591438100e-01 5.814004025728444075e-02 6.400000000000000000e+01
2.015873015873031804e+01 6.475119640110087449e-01 4.453462057396739837e-02 6.400000000000000000e+01
2.016000000000016001e+01 6.474822948928866673e-01 4.453587475312267840e-02 6.400000000000000000e+01
3.023809523809547883e+01 4.220106332804243188e-01 5.030569478011531759e-02 6.400000000000000000e+01
3.024000000000024357e+01 4.219690188669037445e-01 5.030845721454717256e-02 6.400000000000000000e+01
4.031746031746063608e+01 2.416440644260605675e-01 5.429130038679655379e-02 6.400000000000000000e+01
4.032000000000032003e+01 2.415998400517735956e-01 5.429317884920793758e-02 6.400000000000000000e+01
5.039682539682579687e+01 1.104590468131613767e-01 4.536032569145286020e-02 6.400000000000000000e+01
5.040000000000040359e+01 1.104193823828472087e-01 4.536007124163808635e-02 6.400000000000000000e+01
6.047619047619095767e+01 4.684346577381297977e-02 3.284195836170742538e-02 6.400000000000000000e+01
6.048000000000048715e+01 4.681833652289717901e-02 3.283902667684159699e-02 6.400000000000000000e+01
7.055555555555611136e+01 2.647289332074122259e-02 2.041975862813029050e-02 6.400000000000000000e+01
7.056000000000057071e+01 2.646455106367147023e-02 2.041519191363942026e-02 6.400000000000000000e+01
8.063492063492127215e+01 1.575317328304548861e-02 1.066272091681691979e-02 6.400000000000000000e+01
8.064000000000064006e+01 1.574773589754750042e-02 1.065900437929253805e-02 6.400000000000000000e+01
9.071428571428643295e+01 9.818302515613656911e-03 6.371510969248212440e-03 6.400000000000000000e+01
9.072000000000072362e+01 9.815808071636136778e-03 6.369616004226999646e-03 6.400000000000000000e+01
1.007936507936515937e+02 5.808996443751153309e-03 4.121793910742881616e-03 6.400000000000000000e+01
1.008000000000008072e+02 5.806906112764874395e-03 4.120688978034468472e-03 6.400000000000000000e+01
1.108730158730167545e+02 3.399280026169512921e-03 2.729625567252713832e-03 6.400000000000000000e+01
1.108800000000008907e+02 3.397300997125016903e-03 2.728979245681551792e-03 6.400000000000000000e+01
1.209523809523819153e+02 2.989726367918853212e-03 2.029746684653087069e-03 6.400000000000000000e+01
1.209600000000009743e+02 2.989584665101130412e-03 2.029309517613069568e-03 6.400000000000000000e+01
1.310317460317470761e+02 2.411518007113712045e-03 1.528794636546323667e-03 6.400000000000000000e+01
1.310400000000010436e+02 2.411032485414920518e-03 1.528512737462403527e-03 6.400000000000000000e+01
1.411111111111122227e+02 1.981184154502384394e-03 1.308502598302939759e-03 6.400000000000000000e+01
1.411200000000011414e+02 1.980600015225022093e-03 1.308373733308692026e-03 6.400000000000000000e+01
