0.000000000000000000e+00 1.000000000000000000e+00 0.000000000000000000e+00 1.010000000000000000e+02
1.007874015748039476e+01 9.216288578561584455e-01 5.201747482317531421e+02 1.010000000000000000e+02
1.007936507936515902e+01 9.216239985343489538e-01 5.202070011348779417e+02 1.010000000000000000e+02
1.008000000000008001e+01 9.216190614633904543e-01 5.202397701388473479e+02 1.010000000000000000e+02
1.008064516129040378e+01 9.216116626377236498e-01 5.202730678957088912e+02 1.010000000000000000e+02
2.015748031496078951e+01 7.952371447803632254e-01 4.779445409412135177e+02 1.010000000000000000e+02
2.015873015873031804e+01 7.952141850115947985e-01 4.779392908752972744e+02 1.010000000000000000e+02
2.016000000000016001e+01 7.951908578865259924e-01 4.779339569191287183e+02 1.010000000000000000e+02
2.016129032258080755e+01 7.951698452152576868e-01 4.779285371700730138e+02 1.010000000000000000e+02
3.023622047244118605e+01 6.393814720552833952e-01 4.246864627073230736e+02 1.010000000000000000e+02
3.023809523809547883e+01 6.393538730054314501e-01 4.246765553037868699e+02 1.010000000000000000e+02
3.024000000000024357e+01 6.393258323707818880e-01 4.246664893809028172e+02 1.010000000000000000e+02
3.024193548387121311e+01 6.392973394678315158e-01 4.246562611053713567e+02 1.010000000000000000e+02
4.031496062992157903e+01 4.804430420182734807e-01 4.015553667033663032e+02 1.010000000000000000e+02
4.031746031746063608e+01 4.804082028756151423e-01 4.015496340683240533e+02 1.010000000000000000e+02
4.032000000000032003e+01 4.803728063066742271e-01 4.015438097682023795e+02 1.010000000000000000e+02
4.032258064516161511e+01 4.803315521735158078e-01 4.015378917641584735e+02 1.010000000000000000e+02
5.039370078740197556e+01 3.136013436203002325e-01 2.913589034389866583e+02 1.010000000000000000e+02
5.039682539682579687e+01 3.135502905813695174e-01 2.913247199095521296e+02 1.010000000000000000e+02
5.040000000000040359e+01 3.134984206938158380e-01 2.912899891419326650e+02 1.010000000000000000e+02
5.040322580645201356e+01 3.134639650613091910e-01 2.912546972186863172e+02 1.010000000000000000e+02
6.047244094488237209e+01 1.862462673679635694e-01 2.165792950425347669e+02 1.010000000000000000e+02
6.047619047619095767e+01 1.862029490823633171e-01 2.165514877206242659e+02 1.010000000000000000e+02
6.048000000000048715e+01 1.861589377041934223e-01 2.165232350866686772e+02 1.010000000000000000e+02
6.048387096774242622e+01 1.861332008683708461e-01 2.164945256254656556e+02 1.010000000000000000e+02
7.055118110236276152e+01 1.029885245848683462e-01 1.377799624970333809e+02 1.010000000000000000e+02
7.055555555555611136e+01 1.029528089471696134e-01 1.377457593907475939e+02 1.010000000000000000e+02
7.056000000000057071e+01 1.029165218592675846e-01 1.377110086783493728e+02 1.010000000000000000e+02
7.056451612903282467e+01 1.028926078924826820e-01 1.376756964854978378e+02 1.010000000000000000e+02
8.062992125984315805e+01 4.840842604834962731e-02 8.384807492001134221e+01 1.010000000000000000e+02
8.063492063492127215e+01 4.838286446966905130e-02 8.382133932263830900e+01 1.010000000000000000e+02
8.064000000000064006e+01 4.837142848358325781e-02 8.379417559493560930e+01 1.010000000000000000e+02
8.064516129032323022e+01 4.835980804610896799e-02 8.376657270896065199e+01 1.010000000000000000e+02
9.070866141732355459e+01 2.608933719168105708e-02 5.237034932934442111e+01 1.010000000000000000e+02
9.071428571428643295e+01 2.607041373719436866e-02 5.235280257382130031e+01 1.010000000000000000e+02
9.072000000000072362e+01 2.605118750743586759e-02 5.233497482412724366e+01 1.010000000000000000e+02
9.072580645161362156e+01 2.604577296833450115e-02 5.231685888925103001e+01 1.010000000000000000e+02
1.007874015748039511e+02 1.916459841278927295e-02 3.428398630202171660e+01 1.010000000000000000e+02
1.007936507936515937e+02 1.915958499921065206e-02 3.427278615113940674e+01 1.010000000000000000e+02
1.008000000000008072e+02 1.915816800394041716e-02 3.426140671868461851e+01 1.010000000000000000e+02
1.008064516129040271e+02 1.915672815390776287e-02 3.424984355372308187e+01 1.010000000000000000e+02
1.108661417322843477e+02 1.678485303525057565e-02 2.334484136980206870e+01 1.010000000000000000e+02
1.108730158730167545e+02 1.678393023376225854e-02 2.333738959404040969e+01 1.010000000000000000e+02
1.108800000000008907e+02 1.678299266745012647e-02 2.332981853426788277e+01 1.010000000000000000e+02
1.108870967741944327e+02 1.678186607059516111e-02 2.332212523619540789e+01 1.010000000000000000e+02
1.209448818897647442e+02 1.547973842586959810e-02 2.253360086254575734e+01 1.010000000000000000e+02
1.209523809523819153e+02 1.547867260031197088e-02 2.253301294367943797e+01 1.010000000000000000e+02
1.209600000000009743e+02 1.547510083046355067e-02 2.253241567227787812e+01 1.010000000000000000e+02
1.209677419354848524e+02 1.547147145142402890e-02 2.253180892603152330e+01 1.010000000000000000e+02
1.310236220472451407e+02 1.237674210755298695e-02 1.684634665992996005e+01 1.010000000000000000e+02
1.310317460317470761e+02 1.237265743802200627e-02 1.684175346493595171e+01 1.010000000000000000e+02
1.310400000000010436e+02 1.236850741377852961e-02 1.683708678103555556e+01 1.010000000000000000e+02
1.310483870967752580e+02 1.236502173947299880e-02 1.683234484865790037e+01 1.010000000000000000e+02
1.411023622047255230e+02 8.763075169478327583e-03 1.209992900470290778e+01 1.010000000000000000e+02
1.411111111111122227e+02 8.760473521383189618e-03 1.209581088501236934e+01 1.010000000000000000e+02
1.411200000000011414e+02 8.757830246918519787e-03 1.209162685895454814e+01 1.010000000000000000e+02
1.411290322580656493e+02 8.755627382442548318e-03 1.208737531007726140e+01 1.010000000000000000e+02
1.511811023622059338e+02 5.765711113322810090e-03 8.624779448858168607e+00 1.010000000000000000e+02
1.511904761904773977e+02 5.761977235609817838e-03 8.621550483704288226e+00 1.010000000000000000e+02
1.512000000000012108e+02 5.758183615853415191e-03 8.618269831329687491e+00 1.010000000000000000e+02
1.512096774193560407e+02 5.755787593489498054e-03 8.614936199049402887e+00 1.010000000000000000e+02
1.612598425196863161e+02 3.325978013242754383e-03 4.548811452103739938e+00 1.010000000000000000e+02
1.612698412698425443e+02 3.323512284302931278e-03 4.544766127551519652e+00 1.010000000000000000e+02
1.612800000000012801e+02 3.321007103700068883e-03 4.540656042556682870e+00 1.010000000000000000e+02
1.612903225806464604e+02 3.320421898019244953e-03 4.536479570411122708e+00 1.010000000000000000e+02
1.713385826771666984e+02 2.412910662125127611e-03 5.160391194341126919e+00 1.010000000000000000e+02
1.713492063492076909e+02 2.412129472551235825e-03 5.161050833640425495e+00 1.010000000000000000e+02
1.713600000000013495e+02 2.411335783944161450e-03 5.161721011269398751e+00 1.010000000000000000e+02
1.713709677419368518e+02 2.411225754233465961e-03 5.162401940292742353e+00 1.010000000000000000e+02
1.814173228346471092e+02 2.278771975423894182e-03 3.045645991578827427e+00 1.010000000000000000e+02
1.814285714285728659e+02 2.277933544477098171e-03 3.043275925195537468e+00 1.010000000000000000e+02
1.814400000000014472e+02 2.277081698635152144e-03 3.040867932335685975e+00 1.010000000000000000e+02
1.814516129032272431e+02 2.276843261702351379e-03 3.038421079579384898e+00 1.010000000000000000e+02
1.914960629921275199e+02 2.248037074344138523e-03 2.697995834402106663e+00 1.010000000000000000e+02
1.915079365079380409e+02 2.247391571652984556e-03 2.697593419538566906e+00 1.010000000000000000e+02
1.915200000000015450e+02 2.246735740918771353e-03 2.697184560824342991e+00 1.010000000000000000e+02
1.915322580645176629e+02 2.246133497827834061e-03 2.696769126508800962e+00 1.010000000000000000e+02
2.015748031496079022e+02 2.108741692757295887e-03 2.148010276098876403e+00 1.010000000000000000e+02
2.015873015873031875e+02 2.107743526386159083e-03 2.147327318360988002e+00 1.010000000000000000e+02
2.016000000000016144e+02 2.106729389353082221e-03 2.146633450704979573e+00 1.010000000000000000e+02
2.016129032258080542e+02 2.106471303959476463e-03 2.145928416682105322e+00 1.010000000000000000e+02
2.116535433070882846e+02 1.710810739222804605e-03 2.407070169020103290e+00 1.010000000000000000e+02
2.116666666666683341e+02 1.710412632013328738e-03 2.407411489052885045e+00 1.010000000000000000e+02
2.116800000000016837e+02 1.710008155088500476e-03 2.407758269886998814e+00 1.010000000000000000e+02
2.116935483870984456e+02 1.709476752124614246e-03 2.408110674880006741e+00 1.010000000000000000e+02
